minimize
obj: 7.418131045308158 + 0.361860531568475 y_var_1_ - 0.9946309796085487 y_var_2_ - 0.6839510412968396 y_var_3_ - 2.1099541926310645 y_var_4_ - 0.11106681529958966 y_var_5_ - 1.351140458363305 y_var_6_ + 1.4784408741690784 y_var_7_ + 2.132176775188351 y_var_8_ - 0.44545651799520997 y_var_9_ - 0.16739006733363318 y_var_10_ + [ 1 y_var_1_ ^ 2 + 1 y_var_2_ ^ 2 + 1 y_var_3_ ^ 2 + 1 y_var_4_ ^ 2 + 1 y_var_5_ ^ 2 + 1 y_var_6_ ^ 2 + 1 y_var_7_ ^ 2 + 1 y_var_8_ ^ 2 + 1 y_var_9_ ^ 2 + 1 y_var_10_ ^ 2 ]/2
subject to
c1: 0.9713000773836029 y_var_1_ - 1.0292796318807005 y_var_2_ - 0.25325178227211087 y_var_3_ + 0.6525063115395536 y_var_4_ - 0.4159562871381902 y_var_5_ + 2.120383312709624 y_var_6_ - 0.0991764368505716 y_var_7_ + 0.5002763954130601 y_var_8_ - 1.8398459917757823 y_var_9_ - 0.6274584618296377 y_var_10_ <= 1.693465068996792
c2: -1.669751857927029 y_var_1_ - 0.2906670290352848 y_var_2_ - 0.5216938902429445 y_var_3_ + 0.13651585257083929 y_var_4_ + 1.9898842827501242 y_var_5_ + 0.751972025667368 y_var_6_ - 0.11349389975950204 y_var_7_ + 0.6335302905033684 y_var_8_ - 0.39475248363161863 y_var_9_ + 0.6638143280836668 y_var_10_ <= 0.28989117869400854
c3: -0.5095457148034063 y_var_1_ - 0.5144536636818088 y_var_2_ + 0.3380478752745976 y_var_3_ - 0.5802174366163431 y_var_4_ + 1.4562662100994699 y_var_5_ - 1.6283206892641757 y_var_6_ - 1.7151857372388304 y_var_7_ + 0.7694775862656549 y_var_8_ - 0.06660627904008092 y_var_9_ - 0.7242866132142025 y_var_10_ <= -1.1868951691176286
c4: 2.882957777588227 y_var_1_ - 0.004592678137650434 y_var_2_ - 0.37066601615996336 y_var_3_ + 0.8915514353759246 y_var_4_ + 2.2372351377085837 y_var_5_ + 0.33098055876254134 y_var_6_ + 0.9879709828869581 y_var_7_ + 1.3798944069384993 y_var_8_ + 1.081572001696463 y_var_9_ + 0.09913351251593515 y_var_10_ <= -2.705204339910438
c5: 1.7138647549625214 y_var_1_ - 0.16196010659648488 y_var_2_ - 0.2071627302311909 y_var_3_ - 0.24827061140107556 y_var_4_ - 0.4736018120459166 y_var_5_ - 0.8651821842141338 y_var_6_ - 0.11747187812132558 y_var_7_ + 0.7177361047376566 y_var_8_ + 0.2696829463631815 y_var_9_ - 0.39671997046993646 y_var_10_ <= -2.821389638056906
c6: 0.8561859042823321 y_var_1_ + 0.7499568240280474 y_var_2_ - 1.2350466271602414 y_var_3_ + 0.20509578622991953 y_var_4_ - 1.413706172147466 y_var_5_ + 1.3185280230722762 y_var_6_ + 0.5339437549471499 y_var_7_ - 0.7005086258714471 y_var_8_ + 0.6202416391914931 y_var_9_ - 0.791796956635338 y_var_10_ <= 2.998747962950637
c7: 0.6047827661093915 y_var_1_ + 0.07153614379068145 y_var_2_ + 0.8301237904641304 y_var_3_ - 0.13133419295950277 y_var_4_ - 0.1944244477962498 y_var_5_ - 1.2692355853867916 y_var_6_ - 1.7420320607461943 y_var_7_ - 0.903584052787708 y_var_8_ - 0.11086090056827279 y_var_9_ - 0.07928882454518123 y_var_10_ <= 4.509294141857078
c8: -0.13757861230088697 y_var_1_ - 0.4782252402283959 y_var_2_ - 0.8945527323770389 y_var_3_ - 1.3133561511444538 y_var_4_ + 0.31859312812904095 y_var_5_ - 0.11722418118561032 y_var_6_ + 1.403324845870707 y_var_7_ - 0.5731058013919594 y_var_8_ + 0.7614503225693139 y_var_9_ - 0.5105914534784743 y_var_10_ <= -4.313814779120844
c9: -1.3429607638941625 y_var_1_ + 0.8737912040826351 y_var_2_ + 0.46408263329149785 y_var_3_ + 0.572362244171384 y_var_4_ - 0.9691026814769731 y_var_5_ - 0.2542958499855328 y_var_6_ + 0.18770361911851463 y_var_7_ - 1.285090778516084 y_var_8_ - 0.9081168960434416 y_var_9_ + 0.4205739917878349 y_var_10_ <= 4.563780475740741
c10: 1.3901896307146697 y_var_1_ + 2.198583007679657 y_var_2_ - 0.6156854237387177 y_var_3_ - 0.8215195513418656 y_var_4_ + 0.5154785916885847 y_var_5_ + 0.21017853069010511 y_var_6_ + 0.13442411042498723 y_var_7_ + 0.7376564068808064 y_var_8_ - 0.03006087750591226 y_var_9_ - 0.9463271152867823 y_var_10_ <= -1.4829439603665584
Bounds
y_var_1_ free
y_var_2_ free
y_var_3_ free
y_var_4_ free
y_var_5_ free
y_var_6_ free
y_var_7_ free
y_var_8_ free
y_var_9_ free
y_var_10_ free
End
